function [ColMap] = S_colorbar()
ColMap = [
    0            0      0.67333
   0.00042649   0.00086881      0.71396
   0.00085298    0.0017376       0.7546
    0.0012795    0.0026064      0.79523
     0.001706    0.0034752      0.83587
    0.0021324     0.004344       0.8765
    0.0025589    0.0052128      0.91714
    0.0029854    0.0060816      0.95777
    0.0034119     0.034909      0.99333
    0.0038384      0.12138      0.99333
    0.0042649      0.20786      0.99333
    0.0046914      0.29433      0.99333
    0.0051179      0.38081      0.99333
    0.0055444      0.46728      0.99333
    0.0059709      0.55375      0.99333
    0.0063973      0.64023      0.99333
      0.02291       0.7041      0.99333
     0.066998      0.74174      0.99333
      0.11109      0.77938      0.99333
      0.15517      0.81702      0.99333
      0.19926      0.85466      0.99333
      0.24335       0.8923      0.99333
      0.28744      0.92994      0.99333
      0.33152      0.96758      0.99333
      0.43677      0.99333      0.99333
      0.60186      0.99333      0.99333
      0.76242      0.99333      0.99333
         0.82      0.99333      0.99333
      0.87757      0.99333      0.99333
      0.93514      0.99333      0.99333
      0.99271      0.99333      0.99333
            1      0.99333      0.99333
            1      0.99333      0.99333
            1      0.99333       0.9915
            1      0.99333      0.93345
            1      0.99333      0.87539
            1      0.99333      0.81734
            1      0.99333      0.73572
            1      0.99333      0.58033
            1      0.99333      0.42494
            1      0.97118      0.33852
            1      0.93573      0.29348
            1      0.90028      0.24845
            1      0.86483      0.20341
            1      0.82938      0.15837
            1      0.79394      0.11333
            1      0.75849     0.068298
            1      0.72304      0.02326
            1      0.64798    0.0063973
            1      0.55797    0.0059709
            1      0.46796    0.0055444
            1      0.37795    0.0051179
            1      0.28794    0.0046914
            1      0.19794    0.0042649
            1      0.10793    0.0038384
            1     0.017918    0.0034119
       0.9632     0.005926    0.0029854
      0.92115    0.0050794    0.0025589
       0.8791    0.0042328    0.0021324
      0.83704    0.0033863     0.001706
      0.79499    0.0025397    0.0012795
      0.75294    0.0016931   0.00085298
      0.71088   0.00084657   0.00042649
      0.66883            0            0];